 1950    1    0.9200
 1950    2    0.4000
 1950    3   -0.3600
 1950    4    0.7300
 1950    5   -0.5900
 1950    6   -0.0600
 1950    7   -1.2600
 1950    8   -0.0500
 1950    9    0.2500
 1950   10    0.8500
 1950   11   -1.2600
 1950   12   -1.0200
 1951    1    0.0800
 1951    2    0.7000
 1951    3   -1.0200
 1951    4   -0.2200
 1951    5   -0.5900
 1951    6   -1.6400
 1951    7    1.3700
 1951    8   -0.2200
 1951    9   -1.3600
 1951   10    1.8700
 1951   11   -0.3900
 1951   12    1.3200
 1952    1    0.9300
 1952    2   -0.8300
 1952    3   -1.4900
 1952    4    1.0100
 1952    5   -1.1200
 1952    6   -0.4000
 1952    7   -0.0900
 1952    8   -0.2800
 1952    9   -0.5400
 1952   10   -0.7300
 1952   11   -1.1300
 1952   12   -0.4300
 1953    1    0.3300
 1953    2   -0.4900
 1953    3   -0.0400
 1953    4   -1.6700
 1953    5   -0.6600
 1953    6    1.0900
 1953    7    0.4000
 1953    8   -0.7100
 1953    9   -0.3500
 1953   10    1.3200
 1953   11    1.0400
 1953   12   -0.4700
 1954    1    0.3700
 1954    2    0.7400
 1954    3   -0.8300
 1954    4    1.3400
 1954    5   -0.0900
 1954    6   -0.2500
 1954    7   -0.6000
 1954    8   -1.9000
 1954    9   -0.4400
 1954   10    0.6000
 1954   11    0.4000
 1954   12    0.6900
 1955    1   -1.8400
 1955    2   -1.1200
 1955    3   -0.5300
 1955    4   -0.4200
 1955    5   -0.3400
 1955    6   -1.1000
 1955    7    1.7600
 1955    8    1.0700
 1955    9    0.3200
 1955   10   -1.4700
 1955   11   -1.2900
 1955   12    0.1700
 1956    1   -0.2200
 1956    2   -1.1200
 1956    3   -0.0500
 1956    4   -1.0600
 1956    5    2.2100
 1956    6    0.1000
 1956    7   -0.7500
 1956    8   -1.3700
 1956    9    0.2400
 1956   10    0.8800
 1956   11    0.5100
 1956   12    0.1000
 1957    1    1.0500
 1957    2    0.1100
 1957    3   -1.2600
 1957    4    0.4900
 1957    5   -0.7900
 1957    6   -0.7200
 1957    7   -1.1900
 1957    8   -0.5500
 1957    9   -1.6600
 1957   10    1.3200
 1957   11    0.7300
 1957   12    0.1200
 1958    1   -0.5400
 1958    2   -1.0600
 1958    3   -1.9600
 1958    4    0.3700
 1958    5   -0.2400
 1958    6   -1.3800
 1958    7   -1.7300
 1958    8   -1.5600
 1958    9   -0.0700
 1958   10    0.1600
 1958   11    1.6400
 1958   12   -0.7000
 1959    1   -0.8700
 1959    2    0.6800
 1959    3   -0.1500
 1959    4    0.3600
 1959    5    0.3900
 1959    6    0.4000
 1959    7    0.7400
 1959    8    0.0600
 1959    9    0.8800
 1959   10    0.8900
 1959   11    0.4100
 1959   12    0.4400
 1960    1   -1.2900
 1960    2   -1.8900
 1960    3   -0.5000
 1960    4    1.3600
 1960    5    0.4500
 1960    6   -0.2100
 1960    7    0.3500
 1960    8   -1.4000
 1960    9    0.3900
 1960   10   -1.7300
 1960   11   -0.5100
 1960   12    0.0600
 1961    1    0.4100
 1961    2    0.4500
 1961    3    0.5500
 1961    4   -1.5500
 1961    5   -0.3600
 1961    6    0.8600
 1961    7   -0.3900
 1961    8    0.9000
 1961    9    1.2400
 1961   10    0.5100
 1961   11   -0.6200
 1961   12   -1.4800
 1962    1    0.6100
 1962    2    0.5500
 1962    3   -2.4700
 1962    4    0.9900
 1962    5   -0.1000
 1962    6    0.1600
 1962    7   -2.4700
 1962    8    0.1400
 1962    9   -0.3700
 1962   10    0.4100
 1962   11   -0.2300
 1962   12   -1.3200
 1963    1   -2.1200
 1963    2   -0.9600
 1963    3   -0.4300
 1963    4   -1.3500
 1963    5    2.1600
 1963    6   -0.4300
 1963    7   -0.7700
 1963    8   -0.6400
 1963    9    1.7900
 1963   10    0.9400
 1963   11   -1.2700
 1963   12   -1.9200
 1964    1   -0.9500
 1964    2   -1.4300
 1964    3   -1.2000
 1964    4    0.3600
 1964    5    0.5200
 1964    6    1.2900
 1964    7    1.9000
 1964    8   -1.7700
 1964    9    0.2000
 1964   10    0.7400
 1964   11   -0.0100
 1964   12   -0.1500
 1965    1   -0.1200
 1965    2   -1.5500
 1965    3   -1.5100
 1965    4    0.7200
 1965    5   -0.6200
 1965    6    0.2900
 1965    7    0.3200
 1965    8    0.4500
 1965    9    0.3700
 1965   10    0.3800
 1965   11   -1.6600
 1965   12    1.3700
 1966    1   -1.7400
 1966    2   -1.3900
 1966    3    0.5600
 1966    4   -0.7500
 1966    5    0.2200
 1966    6    1.0500
 1966    7    0.3200
 1966    8   -1.7600
 1966    9   -0.4500
 1966   10   -0.6800
 1966   11   -0.0400
 1966   12    0.7200
 1967    1   -0.8900
 1967    2    0.1900
 1967    3    1.5100
 1967    4    0.1800
 1967    5   -0.9900
 1967    6    1.4000
 1967    7    0.4100
 1967    8    1.4400
 1967    9    0.9300
 1967   10    0.0700
 1967   11    0.6000
 1967   12   -0.4500
 1968    1    0.1300
 1968    2   -1.2900
 1968    3    0.4000
 1968    4   -1.0800
 1968    5   -1.7600
 1968    6    0.3300
 1968    7   -0.8000
 1968    8   -0.6600
 1968    9   -1.9200
 1968   10   -2.3000
 1968   11   -0.9300
 1968   12   -1.4000
 1969    1   -0.8300
 1969    2   -1.5500
 1969    3   -1.5600
 1969    4    1.5300
 1969    5    0.5500
 1969    6    0.5500
 1969    7    0.5700
 1969    8   -1.4500
 1969    9    2.0700
 1969   10    0.6600
 1969   11   -0.9600
 1969   12   -0.2800
 1970    1   -1.5000
 1970    2    0.6400
 1970    3   -0.9600
 1970    4   -1.3000
 1970    5    1.1400
 1970    6    1.5500
 1970    7    0.1000
 1970    8    0.1000
 1970    9   -0.0900
 1970   10   -0.9200
 1970   11   -0.6000
 1970   12   -1.2000
 1971    1   -1.1300
 1971    2    0.2400
 1971    3   -0.8400
 1971    4   -0.2400
 1971    5    0.5000
 1971    6   -1.5700
 1971    7    0.2400
 1971    8    1.5500
 1971    9    0.3900
 1971   10    0.5800
 1971   11   -0.2000
 1971   12    0.6000
 1972    1    0.2700
 1972    2    0.3200
 1972    3    0.7200
 1972    4   -0.2200
 1972    5    0.9500
 1972    6    0.8800
 1972    7    0.1800
 1972    8    1.3200
 1972    9   -0.1200
 1972   10    1.0900
 1972   11    0.5400
 1972   12    0.1900
 1973    1    0.0400
 1973    2    0.8500
 1973    3    0.3000
 1973    4   -0.5400
 1973    5   -0.4400
 1973    6    0.3900
 1973    7    0.5700
 1973    8   -0.0600
 1973    9   -0.3000
 1973   10   -1.2400
 1973   11   -0.9300
 1973   12    0.3200
 1974    1    1.3400
 1974    2   -0.1400
 1974    3   -0.0300
 1974    4    0.5100
 1974    5   -0.2400
 1974    6   -0.1400
 1974    7   -0.7600
 1974    8   -0.6400
 1974    9    0.8200
 1974   10    0.4900
 1974   11   -0.5400
 1974   12    1.5000
 1975    1    0.5800
 1975    2   -0.6200
 1975    3   -0.6100
 1975    4   -1.6000
 1975    5   -0.5200
 1975    6   -0.8400
 1975    7    1.5500
 1975    8   -0.2600
 1975    9    1.5600
 1975   10   -0.5400
 1975   11    0.4100
 1975   12    0.0000
 1976    1   -0.2500
 1976    2    0.9300
 1976    3    0.7500
 1976    4    0.2600
 1976    5    0.9600
 1976    6    0.8000
 1976    7   -0.3200
 1976    8    1.9200
 1976    9   -1.2900
 1976   10   -0.0800
 1976   11    0.1700
 1976   12   -1.6000
 1977    1   -1.0400
 1977    2   -0.4900
 1977    3   -0.8100
 1977    4    0.6500
 1977    5   -0.8600
 1977    6   -0.5700
 1977    7   -0.4500
 1977    8   -0.2800
 1977    9    0.3700
 1977   10    0.5200
 1977   11   -0.0700
 1977   12   -1.0000
 1978    1    0.6600
 1978    2   -2.2000
 1978    3    0.7000
 1978    4   -1.1700
 1978    5    1.0800
 1978    6    1.3800
 1978    7   -1.1400
 1978    8    0.6400
 1978    9    0.4600
 1978   10    1.9300
 1978   11    3.0400
 1978   12   -1.5700
 1979    1   -1.3800
 1979    2   -0.6700
 1979    3    0.7800
 1979    4   -1.7100
 1979    5   -1.0300
 1979    6    1.6000
 1979    7    0.8300
 1979    8    0.9600
 1979    9    1.0100
 1979   10   -0.3000
 1979   11    0.5300
 1979   12    1.0000
 1980    1   -0.7500
 1980    2    0.0500
 1980    3   -0.3100
 1980    4    1.2900
 1980    5   -1.5000
 1980    6   -0.3700
 1980    7   -0.4200
 1980    8   -2.2400
 1980    9    0.6600
 1980   10   -1.7700
 1980   11   -0.3700
 1980   12    0.7800
 1981    1    0.3700
 1981    2    0.9200
 1981    3   -1.1900
 1981    4    0.3600
 1981    5    0.2000
 1981    6   -0.4500
 1981    7    0.0500
 1981    8    0.3900
 1981    9   -1.4500
 1981   10   -1.3500
 1981   11   -0.3800
 1981   12   -0.0200
 1982    1   -0.8900
 1982    2    1.1500
 1982    3    1.1500
 1982    4    0.1000
 1982    5   -0.5300
 1982    6   -1.6300
 1982    7    1.1500
 1982    8    0.2600
 1982    9    1.7600
 1982   10   -0.7400
 1982   11    1.6000
 1982   12    1.7800
 1983    1    1.5900
 1983    2   -0.5300
 1983    3    0.9500
 1983    4   -0.8500
 1983    5   -0.0700
 1983    6    0.9900
 1983    7    1.1900
 1983    8    1.6100
 1983    9   -1.1200
 1983   10    0.6500
 1983   11   -0.9800
 1983   12    0.2900
 1984    1    1.6600
 1984    2    0.7200
 1984    3   -0.3700
 1984    4   -0.2800
 1984    5    0.5400
 1984    6   -0.4200
 1984    7   -0.0700
 1984    8    1.1500
 1984    9    0.1700
 1984   10   -0.0700
 1984   11   -0.0600
 1984   12    0.0000
 1985    1   -1.6100
 1985    2   -0.4900
 1985    3    0.2000
 1985    4    0.3200
 1985    5   -0.4900
 1985    6   -0.8000
 1985    7    1.2200
 1985    8   -0.4800
 1985    9   -0.5200
 1985   10    0.9000
 1985   11   -0.6700
 1985   12    0.2200
 1986    1    1.1100
 1986    2   -1.0000
 1986    3    1.7100
 1986    4   -0.5900
 1986    5    0.8500
 1986    6    1.2200
 1986    7    0.1200
 1986    8   -1.0900
 1986    9   -1.1200
 1986   10    1.5500
 1986   11    2.2900
 1986   12    0.9900
 1987    1   -1.1500
 1987    2   -0.7300
 1987    3    0.1400
 1987    4    2.0000
 1987    5    0.9800
 1987    6   -1.8200
 1987    7    0.5200
 1987    8   -0.8300
 1987    9   -1.2200
 1987   10    0.1400
 1987   11    0.1800
 1987   12    0.3200
 1988    1    1.0200
 1988    2    0.7600
 1988    3   -0.1700
 1988    4   -1.1700
 1988    5    0.6300
 1988    6    0.8800
 1988    7   -0.3500
 1988    8    0.0400
 1988    9   -0.9900
 1988   10   -1.0800
 1988   11   -0.3400
 1988   12    0.6100
 1989    1    1.1700
 1989    2    2.0000
 1989    3    1.8500
 1989    4    0.2800
 1989    5    1.3800
 1989    6   -0.2700
 1989    7    0.9700
 1989    8    0.0100
 1989    9    2.0500
 1989   10   -0.0300
 1989   11    0.1600
 1989   12   -1.1500
 1990    1    1.0400
 1990    2    1.4100
 1990    3    1.4600
 1990    4    2.0000
 1990    5   -1.5300
 1990    6   -0.0200
 1990    7    0.5300
 1990    8    0.9700
 1990    9    1.0600
 1990   10    0.2300
 1990   11   -0.2400
 1990   12    0.2200
 1991    1    0.8600
 1991    2    1.0400
 1991    3   -0.2000
 1991    4    0.2900
 1991    5    0.0800
 1991    6   -0.8200
 1991    7   -0.4900
 1991    8    1.2300
 1991    9    0.4800
 1991   10   -0.1900
 1991   11    0.4800
 1991   12    0.4600
 1992    1   -0.1300
 1992    2    1.0700
 1992    3    0.8700
 1992    4    1.8600
 1992    5    2.6300
 1992    6    0.2000
 1992    7    0.1600
 1992    8    0.8500
 1992    9   -0.4400
 1992   10   -1.7600
 1992   11    1.1900
 1992   12    0.4700
 1993    1    1.6000
 1993    2    0.5000
 1993    3    0.6700
 1993    4    0.9700
 1993    5   -0.7800
 1993    6   -0.5900
 1993    7   -3.1800
 1993    8    0.1200
 1993    9   -0.5700
 1993   10   -0.7100
 1993   11    2.5600
 1993   12    1.5600
 1994    1    1.0400
 1994    2    0.4600
 1994    3    1.2600
 1994    4    1.1400
 1994    5   -0.5700
 1994    6    1.5200
 1994    7    1.3100
 1994    8    0.3800
 1994    9   -1.3200
 1994   10   -0.9700
 1994   11    0.6400
 1994   12    2.0200
 1995    1    0.9300
 1995    2    1.1400
 1995    3    1.2500
 1995    4   -0.8500
 1995    5   -1.4900
 1995    6    0.1300
 1995    7   -0.2200
 1995    8    0.6900
 1995    9    0.3100
 1995   10    0.1900
 1995   11   -1.3800
 1995   12   -1.6700
 1996    1   -0.1200
 1996    2   -0.0700
 1996    3   -0.2400
 1996    4   -0.1700
 1996    5   -1.0600
 1996    6    0.5600
 1996    7    0.6700
 1996    8    1.0200
 1996    9   -0.8600
 1996   10   -0.3300
 1996   11   -0.5600
 1996   12   -1.4100
 1997    1   -0.4900
 1997    2    1.7000
 1997    3    1.4600
 1997    4   -1.0200
 1997    5   -0.2800
 1997    6   -1.4700
 1997    7    0.3400
 1997    8    0.8300
 1997    9    0.6100
 1997   10   -1.7000
 1997   11   -0.9000
 1997   12   -0.9600
 1998    1    0.3900
 1998    2   -0.1100
 1998    3    0.8700
 1998    4   -0.6800
 1998    5   -1.3200
 1998    6   -2.7200
 1998    7   -0.4800
 1998    8   -0.0200
 1998    9   -2.0000
 1998   10   -0.2900
 1998   11   -0.2800
 1998   12    0.8700
 1999    1    0.7700
 1999    2    0.2900
 1999    3    0.2300
 1999    4   -0.9500
 1999    5    0.9200
 1999    6    1.1200
 1999    7   -0.9000
 1999    8    0.3900
 1999    9    0.3600
 1999   10    0.2000
 1999   11    0.6500
 1999   12    1.6100
 2000    1    0.6000
 2000    2    1.7000
 2000    3    0.7700
 2000    4   -0.0300
 2000    5    1.5800
 2000    6   -0.0300
 2000    7   -1.0300
 2000    8   -0.2900
 2000    9   -0.2100
 2000   10    0.9200
 2000   11   -0.9200
 2000   12   -0.5800
 2001    1    0.2500
 2001    2    0.4500
 2001    3   -1.2600
 2001    4    0.0000
 2001    5   -0.0200
 2001    6   -0.2000
 2001    7   -0.2500
 2001    8   -0.0700
 2001    9   -0.6500
 2001   10   -0.2400
 2001   11    0.6300
 2001   12   -0.8300
 2002    1    0.4400
 2002    2    1.1000
 2002    3    0.6900
 2002    4    1.1800
 2002    5   -0.2200
 2002    6    0.3800
 2002    7    0.6200
 2002    8    0.3800
 2002    9   -0.7000
 2002   10   -2.2800
 2002   11   -0.1800
 2002   12   -0.9400
 2003    1    0.1600
 2003    2    0.6200
 2003    3    0.3200
 2003    4   -0.1800
 2003    5    0.0100
 2003    6   -0.0700
 2003    7    0.1300
 2003    8   -0.0700
 2003    9    0.0100
 2003   10   -1.2600
 2003   11    0.8600
 2003   12    0.6400
 2004    1   -0.2900
 2004    2   -0.1400
 2004    3    1.0200
 2004    4    1.1500
 2004    5    0.1900
 2004    6   -0.8900
 2004    7    1.1300
 2004    8   -0.4800
 2004    9    0.3800
 2004   10   -1.1000
 2004   11    0.7300
 2004   12    1.2100
 2005    1    1.5200
 2005    2   -0.0600
 2005    3   -1.8300
 2005    4   -0.3000
 2005    5   -1.2500
 2005    6   -0.0500
 2005    7   -0.5100
 2005    8    0.3700
 2005    9    0.6300
 2005   10   -0.9800
 2005   11   -0.3100
 2005   12   -0.4400
 2006    1    1.2651
 2006    2   -0.5106
 2006    3   -1.2779
 2006    4    1.2353
 2006    5   -1.1444
 2006    6    0.8412
 2006    7    0.9024
 2006    8   -1.7264
 2006    9   -1.6219
 2006   10   -2.2439
 2006   11    0.4368
 2006   12    1.3366
 2007    1    0.2227
 2007    2   -0.4700
 2007    3    1.4425
 2007    4    0.1694
 2007    5    0.6638
 2007    6   -1.3064
 2007    7   -0.5794
 2007    8   -0.1390
 2007    9    0.7213
 2007   10    0.4465
 2007   11    0.5756
 2007   12    0.3436
 2008    1    0.8901
 2008    2    0.7346
 2008    3    0.0761
 2008    4   -1.0655
 2008    5   -1.7280
 2008    6   -1.3895
 2008    7   -1.2741
 2008    8   -1.1602
 2008    9    1.0169
 2008   10   -0.0434
 2008   11   -0.3199
 2008   12   -0.2765
 2009    1   -0.0075
 2009    2    0.0565
 2009    3    0.5723
 2009    4   -0.2044
 2009    5    1.6827
 2009    6   -1.2074
 2009    7   -2.1529
 2009    8   -0.1938
 2009    9    1.5089
 2009   10   -1.0322
 2009   11   -0.0248
 2009   12   -1.9257
 2010    1   -1.1086
 2010    2   -1.9845
 2010    3   -0.8831
 2010    4   -0.7199
 2010    5   -1.4870
 2010    6   -0.8160
 2010    7   -0.4250
 2010    8   -1.2227
 2010    9   -0.7948
 2010   10   -0.9283
 2010   11   -1.6158
 2010   12   -1.8472
 2011    1   -0.8768
 2011    2    0.7012
 2011    3    0.6129
 2011    4    2.4775
 2011    5   -0.0623
 2011    6   -1.2795
 2011    7   -1.5122
 2011    8   -1.3475
 2011    9    0.5360
 2011   10    0.3935
 2011   11    1.3602
 2011   12    2.5213
 2012    1    1.1739
 2012    2    0.4201
 2012    3    1.2655
 2012    4    0.4710
 2012    5   -0.9068
 2012    6   -2.5309
 2012    7   -1.3215
 2012    8   -0.9832
 2012    9   -0.5861
 2012   10   -2.0620
 2012   11   -0.5782
 2012   12    0.1706
 2013    1    0.3453
 2013    2   -0.4531
 2013    3   -1.6119
 2013    4    0.6870
 2013    5    0.5691
 2013    6    0.5208
 2013    7    0.6722
 2013    8    0.9702
 2013    9    0.2406
 2013   10   -1.2801
 2013   11    0.9008
 2013   12    0.9457
 2014    1    0.2903
 2014    2    1.3352
 2014    3    0.7983
 2014    4    0.3052
 2014    5   -0.9225
 2014    6   -0.9701
 2014    7    0.1754
 2014    8   -1.6815
 2014    9    1.6163
 2014   10   -1.2706
 2014   11    0.6780
 2014   12    1.8575
 2015    1    1.7887
 2015    2    1.3228
 2015    3    1.4497
 2015    4    0.7253
 2015    5    0.1455
 2015    6   -0.0668
 2015    7   -3.1790
 2015    8   -0.7604
 2015    9   -0.6485
 2015   10    0.4372
 2015   11    1.7438
 2015   12    2.2436
 2016    1    0.1165
 2016    2    1.5803
 2016    3    0.7344
 2016    4    0.3751
 2016    5   -0.7736
 2016    6   -0.4325
 2016    7   -1.7603
 2016    8   -1.6453
 2016    9    0.6110
 2016   10    0.4113
 2016   11   -0.1637
 2016   12    0.4783
 2017    1    0.4782
 2017    2    1.0048
 2017    3    0.7370
 2017    4    1.7325
 2017    5   -1.9110
 2017    6    0.0450
 2017    7    1.2556
 2017    8   -1.0977
 2017    9   -0.6127
 2017   10    0.1859
 2017   11   -0.0049
 2017   12    0.8816
 2018    1    1.4423
 2018    2    1.5778
 2018    3   -0.9269
 2018    4    1.2411
 2018    5    2.1208
 2018    6    1.0880
 2018    7    1.3893
 2018    8    1.9670
 2018    9    1.6736
 2018   10    0.9345
 2018   11   -0.1113
 2018   12    0.6116
 2019    1    0.5920
 2019    2    0.2914
 2019    3    1.2321
 2019    4    0.4660
 2019    5   -2.6230
 2019    6   -1.0886
 2019    7   -1.4255
 2019    8   -1.1684
 2019    9   -0.1641
 2019   10   -1.4134
 2019   11    0.2785
 2019   12    1.2016
 2020    1    1.3432
 2020    2    1.2570
 2020    3    1.0126
 2020    4   -1.0224
 2020    5   -0.4098
 2020    6   -0.1469
 2020    7   -1.2262
 2020    8    0.1217
 2020    9    0.9850
 2020   10   -0.6547
 2020   11    2.5445
 2020   12   -0.3024
 2021    1   -1.1087
 2021    2    0.1361
 2021    3    0.7299
 2021    4   -1.4251
 2021    5   -1.2386
 2021    6    0.7655
 2021    7    0.0260
 2021    8   -0.2825
 2021    9   -0.2137
 2021   10   -2.2899
 2021   11   -0.1846
 2021   12    0.2885
 2022    1    1.0778
 2022    2    1.6830
 2022    3    0.7677
 2022    4   -0.3646
 2022    5    0.7062
 2022    6   -0.1180
 2022    7   -0.0936
 2022    8    1.4699
 2022    9   -1.6105
 2022   10   -0.7175
 2022   11    0.6922
 2022   12   -0.1456
 2023    1    1.2503
 2023    2    0.9227
 2023    3   -1.1088
 2023    4   -0.6284
 2023    5    0.3864
 2023    6   -0.5784
 2023    7   -2.1746
 2023    8   -1.1640
 2023    9   -0.4408
 2023   10   -2.0292
